% Global varialbe to be shared
% thres = [0.5 0.6 0.7 0.78 0.85 0.90 0.95 0.98 0.99 0.992 0.994 0.995 0.996 0.997 0.998 0.999];
%thres = [0.5 0.6 0.7 0.8 0.85 0.90 0.97 0.98 0.985 0.99 0.992 0.994 0.995 0.996 0.997 0.998 0.999];
%thres = [0.3 0.4 0.45 0.5 0.6 0.7 0.8 0.90 0.95 0.98 0.99 0.992 0.994 0.995 0.996 0.997 0.998 0.999];
%thres = [0.3 0.4 0.45 0.5 0.6 0.65 0.7 0.75 0.8 0.90 0.95 0.96 0.97 0.98 0.99 0.992 0.994 0.995 0.996 0.997 0.998 0.999];
thres=[0.5 0.55 0.6 0.65 0.7 0.75 0.8 0.85 0.9 0.91 0.92 0.93 0.94 0.95 0.96 0.97 0.98 0.99 1];
ithres = [1 5 9 13 16];
va = 45;
nlev_v = 23;
nlev_w = 20;
nlev_d = 18;
nlev_p = 40;

zdr_min = -3.1;
zdr_max = +8.5;

p_min = -45;
p_max = 180;